vec3(0.309017, 0.951057, 0) 72 0
vec3(-0.309017, 0.951057, 0) 108 0
vec3(-0.25, 0.951057, 0.181636) 108 36
vec3(0.25, 0.951057, -0.181636) 72 36

vec3(-0.309017, 0.951057, 0) 108 0
vec3(-0.809017, 0.587785, 0) 144 0
vec3(-0.654509, 0.587785, 0.475528) 144 36
vec3(-0.25, 0.951057, 0.181636) 108 36

vec3(-0.654509, 0.587785, -0.475528) 36 144
vec3(-0.25, 0.951057, -0.181636) 72 144
vec3(-0.309017, 0.951057, 2.70151e-08) 72 180
vec3(-0.809017, 0.587785, 7.07265e-08) 36 180

vec3(-0.25, 0.951057, -0.181636) 72 144
vec3(0.25, 0.951057, 0.181636) 108 144
vec3(0.309017, 0.951057, -2.70151e-08) 108 180
vec3(-0.309017, 0.951057, 2.70151e-08) 72 180

vec3(-0.809017, 0.587785, 7.07265e-08) 36 180
vec3(-0.309017, 0.951057, 2.70151e-08) 72 180
vec3(-0.25, 0.951057, 0.181636) 72 216
vec3(-0.654509, 0.587785, 0.475528) 36 216

vec3(-0.309017, 0.951057, 2.70151e-08) 72 180
vec3(0.309017, 0.951057, -2.70151e-08) 108 180
vec3(0.25, 0.951057, -0.181636) 108 216
vec3(-0.25, 0.951057, 0.181636) 72 216

vec3(0.25, 0.951057, 0.181636) 72 324
vec3(-0.25, 0.951057, -0.181636) 108 324
vec3(-0.309017, 0.951057, 5.40302e-08) 108 360
vec3(0.309017, 0.951057, -5.40302e-08) 72 360

vec3(-0.25, 0.951057, -0.181636) 108 324
vec3(-0.654508, 0.587785, -0.475528) 144 324
vec3(-0.809017, 0.587785, 1.41453e-07) 144 360
vec3(-0.309017, 0.951057, 5.40302e-08) 108 360
